      0/99        0G   0.08575     0.121   0.09984    0.3066       244       640         0         0         0         0     0.104   0.09764   0.08969
      1/99        0G   0.08256    0.1025    0.0948    0.2798       151       640         0         0         0         0    0.1028     0.103   0.08993
      2/99        0G   0.08106    0.1013   0.09212    0.2745       215       640         0         0         0         0    0.1018    0.1091   0.09132
      3/99        0G     0.081   0.09613   0.08728    0.2644       154       640    0.1677 5.545e-05 7.469e-05 2.988e-05   0.09952    0.1116   0.09012
      4/99        0G   0.07699    0.1105   0.08857     0.276       231       640    0.3821  0.003767  0.001381 0.0007953   0.09469    0.1079   0.08779
      5/99        0G   0.07418    0.1007   0.08137    0.2562       264       640  0.004187   0.01944  0.003667  0.002132   0.09037    0.1029   0.08682
      6/99        0G   0.07375   0.08573   0.07547     0.235       135       640     0.377   0.03227   0.01047  0.005845   0.08509   0.09286   0.08444
      7/99        0G   0.07082   0.09422   0.07393     0.239       208       640    0.1775   0.06796   0.02256   0.01281   0.07909   0.08123   0.08079
      8/99        0G   0.07126   0.08324   0.06725    0.2218       222       640    0.3028   0.07874   0.02756   0.01645   0.07624   0.07594   0.07675
      9/99        0G   0.07118   0.09499   0.06782     0.234       262       640    0.7101   0.04458   0.04372   0.02506    0.0718   0.07265    0.0693
     10/99        0G    0.0687   0.08781   0.06281    0.2193       227       640    0.5109   0.07669    0.0697   0.03975   0.06749   0.06575   0.06059
     11/99        0G   0.06584   0.08635   0.05839    0.2106       214       640    0.1656    0.1849    0.1092   0.06109   0.06395   0.06026   0.05226
     12/99        0G   0.06306   0.08424   0.05481    0.2021       172       640    0.2315    0.1968    0.1514   0.08576   0.06179   0.05712   0.04798
     13/99        0G   0.06225   0.08566   0.05128    0.1992       218       640    0.5342    0.1639    0.1758   0.09581   0.05948   0.05468   0.04427
     14/99        0G   0.06103    0.0757   0.04975    0.1865       157       640    0.3583     0.241    0.2081    0.1156   0.05772   0.05358    0.0398
     15/99        0G   0.06201   0.08509   0.04808    0.1952       123       640    0.6043    0.1969    0.2467    0.1378   0.05664   0.05208   0.03718
     16/99        0G    0.0595   0.08084   0.04276    0.1831       155       640    0.5716    0.2574     0.292    0.1646    0.0548   0.05023   0.03325
     17/99        0G   0.05947   0.07967   0.04408    0.1832       193       640    0.4819    0.2825     0.294    0.1633    0.0543   0.04925   0.02983
     18/99        0G   0.05698   0.07461   0.03811    0.1697       256       640    0.5745    0.3104    0.3404    0.1896   0.05292    0.0483   0.02758
     19/99        0G   0.05605   0.07715   0.03683      0.17       187       640    0.5878    0.2869    0.3421    0.1941   0.05273    0.0481   0.02585
     20/99        0G   0.05636   0.07411   0.03943    0.1699       210       640      0.62    0.3254    0.3786    0.2103   0.05174   0.04645   0.02366
     21/99        0G   0.05425    0.0743   0.03868    0.1672       183       640    0.4917    0.3391    0.3649    0.2051   0.05178   0.04672   0.02463
     22/99        0G   0.05527   0.07611    0.0361    0.1675       212       640    0.6239    0.3657    0.4085    0.2361   0.05064   0.04621   0.02205
     23/99        0G   0.05315   0.06772   0.03673    0.1576       262       640    0.6045    0.3688     0.427    0.2469   0.05059   0.04579   0.02134
     24/99        0G   0.05347   0.07827   0.03197    0.1637       250       640    0.6442    0.3747    0.4765    0.2687   0.04893    0.0451   0.01982
     25/99        0G   0.05237   0.06855   0.03138    0.1523       173       640    0.6104    0.4116    0.4613      0.28   0.04849   0.04456   0.02013
     26/99        0G   0.05331   0.07617   0.02888    0.1584       180       640     0.645    0.3914    0.4746    0.2801   0.04801   0.04439    0.0194
     27/99        0G   0.05254   0.07403   0.02911    0.1557       186       640    0.5024    0.5214    0.5175    0.2947   0.04816   0.04432   0.01721
     28/99        0G    0.0525   0.06932   0.02719     0.149       221       640    0.6669    0.4729    0.5501    0.3215   0.04662   0.04304   0.01621
     29/99        0G   0.05209   0.07371   0.02664    0.1524       216       640    0.6313    0.4662    0.5502    0.3179   0.04647    0.0429   0.01603
     30/99        0G   0.05042   0.06866   0.02719    0.1463       184       640    0.7581    0.4281    0.5744    0.3421   0.04592   0.04191   0.01417
     31/99        0G      0.05   0.06667   0.02359    0.1403       231       640      0.76    0.4226    0.5745    0.3469   0.04554   0.04152   0.01422
     32/99        0G   0.05162   0.07748   0.02495    0.1541       263       640    0.6387    0.5067     0.578     0.363   0.04519   0.04111    0.0133
     33/99        0G   0.05056   0.07052   0.02314    0.1442       242       640    0.7745    0.4194    0.5761    0.3545    0.0451   0.04087    0.0131
     34/99        0G   0.04888   0.07014   0.02289    0.1419       275       640    0.6536    0.5102    0.6161     0.366   0.04471   0.04038   0.01214
     35/99        0G   0.05012    0.0668   0.02369    0.1406       221       640    0.6821    0.5423    0.6385    0.3856   0.04368   0.03969   0.01114
     36/99        0G   0.04699   0.07245   0.02035    0.1398       189       640    0.7895    0.4998    0.6265    0.3751   0.04329   0.04014   0.01105
     37/99        0G   0.05133   0.07438   0.02123     0.147       278       640    0.7661     0.528    0.6607    0.4023   0.04307   0.03865   0.01053
     38/99        0G   0.05061   0.06397   0.02272    0.1373       235       640    0.6959    0.5587    0.6566    0.3864   0.04335   0.03781   0.01052
     39/99        0G   0.04799   0.06769   0.02176    0.1374       128       640    0.6162    0.6163    0.6791    0.4049   0.04261   0.03758  0.009901
     40/99        0G   0.04738    0.0645   0.01936    0.1312       197       640    0.6831    0.5991    0.6992    0.4066    0.0426   0.03789  0.009623
     41/99        0G   0.04902   0.06264   0.01817    0.1298       162       640    0.7208    0.5991    0.7099    0.4136   0.04181   0.03714  0.009425
     42/99        0G   0.05098   0.06548   0.02046    0.1369       168       640    0.6221    0.6631    0.6869    0.4033   0.04238   0.03855  0.009669
     43/99        0G   0.04521   0.05947   0.01843    0.1231       212       640    0.7358    0.6459    0.7281    0.4378   0.04167   0.03694  0.008485
     44/99        0G   0.04748   0.07004   0.01896    0.1365       216       640    0.7405    0.6416    0.7224    0.4412   0.04121   0.03709  0.008315
     45/99        0G   0.04575   0.06166   0.01807    0.1255       192       640    0.6519    0.6847    0.7303    0.4515   0.04091   0.03646  0.007635
     46/99        0G   0.04564   0.05708   0.01699    0.1197       130       640    0.7492    0.6777     0.753    0.4633   0.04047    0.0356  0.007217
     47/99        0G   0.04549   0.05572   0.01637    0.1176       165       640    0.7062    0.7075    0.7666    0.4748   0.04062   0.03562  0.006966
     48/99        0G    0.0463   0.06258    0.0156    0.1245       254       640    0.6747    0.7153    0.7671    0.4736   0.04005   0.03566  0.006974
     49/99        0G   0.04498   0.06185   0.01546    0.1223       276       640    0.7513    0.7037    0.7654    0.4635   0.03972   0.03545  0.007023
     50/99        0G   0.04505    0.0598   0.01687    0.1217       223       640     0.786    0.7175    0.7752    0.4704   0.04011   0.03461  0.006651
     51/99        0G   0.04401   0.06132   0.01372    0.1191       196       640     0.792    0.7061     0.793    0.4889   0.03967    0.0345  0.006312
     52/99        0G   0.04375   0.05988   0.01539     0.119       249       640    0.7685     0.732    0.7954     0.497   0.03898   0.03434  0.006252
     53/99        0G   0.04428   0.05679   0.01517    0.1162       181       640    0.6988    0.7076    0.7644    0.4697   0.03934   0.03422  0.006794
     54/99        0G   0.04441   0.06283   0.01394    0.1212       265       640    0.7664    0.7095    0.7901    0.4902   0.03894   0.03388  0.006007
     55/99        0G   0.04354   0.05645   0.01435    0.1143       201       640    0.8062    0.6918    0.7992    0.4663   0.04033    0.0342  0.005956
     56/99        0G   0.04468    0.0573   0.01549    0.1175       168       640    0.6783    0.7443    0.7712      0.47   0.03904   0.03406  0.006244
     57/99        0G   0.04415   0.06288   0.01522    0.1223       215       640    0.8252    0.6573    0.7787    0.4847   0.03875   0.03417  0.005941
     58/99        0G   0.04268    0.0554   0.01371    0.1118       141       640    0.7829    0.7494    0.8121    0.5042   0.03804   0.03357  0.005623
     59/99        0G   0.04394   0.06211   0.01418    0.1202       229       640    0.8297    0.6611    0.7899    0.4848   0.03908   0.03418  0.005746
     60/99        0G   0.04332   0.05905   0.01374    0.1161       184       640    0.8682    0.6932    0.8228    0.5261   0.03754   0.03293  0.005212
     61/99        0G   0.04466   0.05804   0.01266    0.1154       154       640    0.8602    0.7019    0.8248      0.52   0.03867   0.03236  0.005087
     62/99        0G   0.04365   0.06045   0.01466    0.1188       227       640    0.8036    0.7527     0.834    0.5392   0.03741   0.03265   0.00511
     63/99        0G   0.04149   0.05392   0.01368    0.1091       190       640    0.8449    0.7425    0.8403    0.5394    0.0367   0.03172     0.005
     64/99        0G   0.04405   0.05741   0.01419    0.1157       282       640    0.8152    0.7471     0.841    0.5324   0.03719   0.03154  0.004855
     65/99        0G   0.04329   0.05463   0.01301    0.1109       213       640    0.7738    0.7603    0.8277    0.5202   0.03883    0.0323  0.005162
     66/99        0G     0.044   0.05349   0.01295    0.1104       214       640    0.8545     0.729    0.8407    0.5328    0.0376   0.03155   0.00467
     67/99        0G   0.04175   0.05383   0.01222    0.1078       189       640    0.8316     0.769    0.8497     0.556   0.03611   0.03112  0.004519
     68/99        0G   0.04322   0.05531   0.01332    0.1118       169       640    0.8403    0.7653    0.8468    0.5507   0.03623   0.03128  0.004554
     69/99        0G   0.04299    0.0587   0.01176    0.1135       238       640    0.8139    0.7845    0.8527    0.5537   0.03635   0.03126  0.004515
     70/99        0G    0.0426   0.05165   0.01243    0.1067       130       640    0.8202    0.7706    0.8532    0.5542   0.03623   0.03086  0.004471
     71/99        0G   0.04075   0.05222   0.01176    0.1047       170       640    0.8387     0.769    0.8584    0.5546   0.03661   0.03075  0.004363
     72/99        0G   0.04122   0.05719   0.01152    0.1099       165       640    0.7581    0.7883    0.8478    0.5342   0.03693   0.03075  0.004323
     73/99        0G   0.04225   0.05838   0.01045    0.1111       227       640    0.8019    0.7991    0.8593    0.5577   0.03595   0.03059  0.004151
     74/99        0G   0.04043   0.05236   0.01193    0.1047       189       640    0.8085     0.806    0.8601    0.5575   0.03566   0.03023   0.00418
     75/99        0G   0.04181   0.05332   0.01156    0.1067       212       640    0.8005    0.8283    0.8669    0.5626    0.0357   0.03041  0.004116
     76/99        0G   0.04017   0.05747   0.01192    0.1096       207       640    0.8944    0.7516    0.8667    0.5752   0.03488    0.0307  0.004121
     77/99        0G   0.04171   0.05902   0.01218    0.1129       258       640     0.806    0.8008    0.8628    0.5755     0.035    0.0304  0.004155
     78/99        0G   0.04137   0.05087   0.01129    0.1035       218       640    0.8848    0.7738     0.873     0.588   0.03466   0.02955  0.004013
     79/99        0G   0.04136   0.05591   0.01138    0.1087       200       640    0.7972    0.8152    0.8707    0.5838   0.03457   0.02975  0.003946
     80/99        0G   0.04138   0.05361   0.01141    0.1064       191       640    0.8755    0.7678    0.8701    0.5911   0.03413    0.0293  0.003947
     81/99        0G   0.04039   0.05152   0.01131    0.1032       167       640    0.8529    0.7935    0.8739    0.5936   0.03402   0.02979  0.003905
     82/99        0G    0.0406   0.04759   0.01068   0.09887       187       640    0.8315    0.8208    0.8795    0.5977   0.03403   0.02917   0.00385
     83/99        0G   0.04013   0.05174   0.01167    0.1035       251       640      0.85    0.8112    0.8834    0.6025   0.03362    0.0293  0.003847
     84/99        0G   0.03953   0.05347   0.01064    0.1036       179       640    0.7984    0.8528    0.8781    0.5965   0.03388   0.02923  0.003892
     85/99        0G   0.03776   0.04624   0.01021   0.09421       177       640    0.8397    0.8192    0.8914    0.5973   0.03411   0.02882  0.003868
     86/99        0G    0.0398   0.05022   0.01095     0.101       161       640    0.8335    0.8132    0.8843     0.607   0.03348    0.0287  0.003783
     87/99        0G   0.04063   0.05167   0.01062    0.1029       198       640    0.8173    0.8358    0.8792    0.6122    0.0337   0.02902  0.003777
     88/99        0G   0.04079   0.05128   0.01009    0.1022       192       640     0.831    0.8235    0.8743    0.6096   0.03349    0.0284  0.003646
     89/99        0G   0.03719   0.05267   0.01087    0.1007       180       640    0.8691    0.7927    0.8773    0.6016   0.03342   0.02825  0.003642
     90/99        0G   0.03899   0.05211  0.009951    0.1011       182       640    0.8235    0.8485     0.883    0.6146   0.03352   0.02838  0.003546
     91/99        0G   0.03842   0.05124   0.01082    0.1005       119       640    0.8084    0.8352    0.8754    0.6085   0.03342   0.02844  0.003571
     92/99        0G   0.03855   0.05182  0.009711    0.1001       183       640     0.851    0.8209    0.8836    0.6089   0.03328   0.02869    0.0035
     93/99        0G   0.03843   0.05565  0.009362    0.1034       230       640    0.8613    0.7999    0.8815    0.6061   0.03321   0.02845  0.003481
     94/99        0G   0.04049   0.05021  0.009593    0.1003       203       640    0.8232    0.8348    0.8817    0.5902   0.03479   0.02798  0.003534
     95/99        0G   0.03933   0.05048  0.009879   0.09968       296       640    0.8488    0.8447    0.8881    0.6148   0.03291   0.02759  0.003475
     96/99        0G   0.03856   0.05295   0.00894    0.1004       249       640    0.8644    0.8349    0.8916    0.6201   0.03288   0.02757  0.003468
     97/99        0G   0.04065    0.0546   0.01006    0.1053       204       640    0.8469    0.8316    0.8909    0.6191   0.03287   0.02745   0.00354
     98/99        0G     0.039   0.05071  0.009771   0.09948       138       640    0.8311    0.8461    0.8949    0.6295   0.03281    0.0273  0.003541
     99/99        0G   0.03869   0.04903   0.01068    0.0984       174       640    0.8469    0.8283    0.8923    0.5937   0.03449   0.02781  0.003588
